9786071610959
9786071609298
9786071601629
9786071600288
9789878935126
9789878935102
9789878435701
9789878435336
9789878435145
9789878358628
9789878010526
9789878000169
9789878000121
9789877691283
9789877389302
9789877387933
9789877385052
9789877383225
9789877382839
9789877381474
9789877380439
9789877254235
9789877254174
9789877253771
9789877252927
9789876706834
9789876343244
9789876278218
9789875668478
9789875666276
9789875665491
9789875663701
9789874136497
9789874136145
9789874136077
9789873951749
9789873951602
9789873951466
9789873752131
9789871895687
9789871138968
9789681677633
9789681677626
9789681674915
9789681672935
9789681665722
9789681663797
9789681663773
9789681663414
9789681662202
9789681639051
9789681603076
9789568856748
9789507313677
9789505576685
9789505574971
9789502808062
9789502807942
9789502805504
9789501517323
9789501299229
9789501294750
9789501203943
9789500766401
9789500765091
9789500735261
9789500725828
9789500721783
9789500720755
9789500720731
9789500719278
9789500719261
9789500719247
9789500713375
9788498489408
9788498489392
9788498486308
9788498386271
9788498383447
9788490817155
9788490627730
9788478887200
9788477116264
9788469866108
9788466360371
9788448860363
9788448855482
9788448855475
9788448854485
9788448854478
9788448849023
9788439730484
9788426402752
9788420412320
9788418056611
9788416712793
9786071624093
9786071608734
9786071608116
9786071606457
9781538753750
9780316452663
