79
253
144
159
167
116
189
92
74
106
121
198
162
74
184
66
184
299
32
104
149
59
131
95
89
88
92
126
66
46
32
43
39
98
104
86
149,9
89
84
84
228
142
48
32
48
129
114
84
202
89
119
199
180
126
258
222
164
66
134
66
56
68
144
118
72
72
167
129
68
144
72
74
78
81
124,44
98
42
42
42
147
42
118
63
224
199
186
21
35
199
199
79
172
122
139
156
54
47
24
24
79
81
115
84
162
49
112
59
22
27
26
26
22
26
29
48
299
299
128,28
116
116
68
84
118
54
89
126
108
92
92
92
92
126
66
199
146
149
84
199
69
199
55
152
171
